 -5.e0	9.93153e-3
 -4.e0	7.88889e-3
 -3.e0	6.26637e-3
 -2.e0	4.97756e-3
 -1.e0	3.95381e-3
 0.e0	3.14063e-3
 1.e0	2.49469e-3
 2.e0	1.9816e-3
 3.e0	1.57404e-3
 4.e0	1.25031e-3
 5.e0	9.93153e-4
 6.e0	7.88889e-4
 7.e0	6.26637e-4
 8.e0	4.97756e-4
 9.e0	3.95381e-4
 1.e1	3.14063e-4
 1.1e1	2.49469e-4
 1.2e1	1.9816e-4
 1.3e1	1.57404e-4
 1.4e1	1.25031e-4
 1.5e1	9.93153e-5
 1.6e1	7.88889e-5
 1.7e1	6.26637e-5
 1.8e1	4.97756e-5
 1.9e1	3.95381e-5
 2.e1	3.14063e-5
 2.1e1	2.49469e-5
 2.2e1	1.9816e-5
 2.3e1	1.57404e-5
 2.4e1	1.25031e-5
 2.5e1	9.93153e-6
