 -5.e0	3.33937e0
 -4.e0	2.65255e0
 -3.e0	2.107e0
 -2.e0	1.67365e0
 -1.e0	1.32943e0
 0.e0	1.056e0
 1.e0	8.38811e-1
 2.e0	6.66291e-1
 3.e0	5.29254e-1
 4.e0	4.20401e-1
 5.e0	3.33937e-1
 6.e0	2.65255e-1
 7.e0	2.107e-1
 8.e0	1.67365e-1
 9.e0	1.32943e-1
 1.e1	1.056e-1
 1.1e1	8.38811e-2
 1.2e1	6.66291e-2
 1.3e1	5.29254e-2
 1.4e1	4.20401e-2
 1.5e1	3.33937e-2
 1.6e1	2.65255e-2
 1.7e1	2.107e-2
 1.8e1	1.67365e-2
 1.9e1	1.32943e-2
 2.e1	1.056e-2
 2.1e1	8.38811e-3
 2.2e1	6.66291e-3
 2.3e1	5.29254e-3
 2.4e1	4.20401e-3
 2.5e1	3.33937e-3
