 -5.e0	9.10736e-2
 -4.e0	7.23423e-2
 -3.e0	5.74636e-2
 -2.e0	4.56449e-2
 -1.e0	3.62571e-2
 0.e0	2.88e-2
 1.e0	2.28767e-2
 2.e0	1.81716e-2
 3.e0	1.44342e-2
 4.e0	1.14655e-2
 5.e0	9.10736e-3
 6.e0	7.23423e-3
 7.e0	5.74636e-3
 8.e0	4.56449e-3
 9.e0	3.62571e-3
 1.e1	2.88e-3
 1.1e1	2.28767e-3
 1.2e1	1.81716e-3
 1.3e1	1.44342e-3
 1.4e1	1.14655e-3
 1.5e1	9.10736e-4
 1.6e1	7.23423e-4
 1.7e1	5.74636e-4
 1.8e1	4.56449e-4
 1.9e1	3.62571e-4
 2.e1	2.88e-4
 2.1e1	2.28767e-4
 2.2e1	1.81716e-4
 2.3e1	1.44342e-4
 2.4e1	1.14655e-4
 2.5e1	9.10736e-5
