 -5.e0	4.15049e-2
 -4.e0	3.29685e-2
 -3.e0	2.61878e-2
 -2.e0	2.08017e-2
 -1.e0	1.65234e-2
 0.e0	1.3125e-2
 1.e0	1.04256e-2
 2.e0	8.28132e-3
 3.e0	6.57808e-3
 4.e0	5.22516e-3
 5.e0	4.15049e-3
 6.e0	3.29685e-3
 7.e0	2.61878e-3
 8.e0	2.08017e-3
 9.e0	1.65234e-3
 1.e1	1.3125e-3
 1.1e1	1.04256e-3
 1.2e1	8.28132e-4
 1.3e1	6.57808e-4
 1.4e1	5.22516e-4
 1.5e1	4.15049e-4
 1.6e1	3.29685e-4
 1.7e1	2.61878e-4
 1.8e1	2.08017e-4
 1.9e1	1.65234e-4
 2.e1	1.3125e-4
 2.1e1	1.04256e-4
 2.2e1	8.28132e-5
 2.3e1	6.57808e-5
 2.4e1	5.22516e-5
 2.5e1	4.15049e-5
