 -5.e0	7.20999e-1
 -4.e0	5.7271e-1
 -3.e0	4.5492e-1
 -2.e0	3.61356e-1
 -1.e0	2.87035e-1
 0.e0	2.28e-1
 1.e0	1.81107e-1
 2.e0	1.43858e-1
 3.e0	1.14271e-1
 4.e0	9.07684e-2
 5.e0	7.20999e-2
 6.e0	5.7271e-2
 7.e0	4.5492e-2
 8.e0	3.61356e-2
 9.e0	2.87035e-2
 1.e1	2.28e-2
 1.1e1	1.81107e-2
 1.2e1	1.43858e-2
 1.3e1	1.14271e-2
 1.4e1	9.07684e-3
 1.5e1	7.20999e-3
 1.6e1	5.7271e-3
 1.7e1	4.5492e-3
 1.8e1	3.61356e-3
 1.9e1	2.87035e-3
 2.e1	2.28e-3
 2.1e1	1.81107e-3
 2.2e1	1.43858e-3
 2.3e1	1.14271e-3
 2.4e1	9.07684e-4
 2.5e1	7.20999e-4
