 -5.e0	7.82664e-1
 -4.e0	6.21692e-1
 -3.e0	4.93827e-1
 -2.e0	3.92261e-1
 -1.e0	3.11584e-1
 0.e0	2.475e-1
 1.e0	1.96596e-1
 2.e0	1.56162e-1
 3.e0	1.24044e-1
 4.e0	9.85315e-2
 5.e0	7.82664e-2
 6.e0	6.21692e-2
 7.e0	4.93827e-2
 8.e0	3.92261e-2
 9.e0	3.11584e-2
 1.e1	2.475e-2
 1.1e1	1.96596e-2
 1.2e1	1.56162e-2
 1.3e1	1.24044e-2
 1.4e1	9.85315e-3
 1.5e1	7.82664e-3
 1.6e1	6.21692e-3
 1.7e1	4.93827e-3
 1.8e1	3.92261e-3
 1.9e1	3.11584e-3
 2.e1	2.475e-3
 2.1e1	1.96596e-3
 2.2e1	1.56162e-3
 2.3e1	1.24044e-3
 2.4e1	9.85315e-4
 2.5e1	7.82664e-4
