 -5.e0	7.49577e-4
 -4.e0	5.9541e-4
 -3.e0	4.72951e-4
 -2.e0	3.75678e-4
 -1.e0	2.98412e-4
 0.e0	2.37037e-4
 1.e0	1.88285e-4
 2.e0	1.4956e-4
 3.e0	1.188e-4
 4.e0	9.43661e-5
 5.e0	7.49577e-5
 6.e0	5.9541e-5
 7.e0	4.72951e-5
 8.e0	3.75678e-5
 9.e0	2.98412e-5
 1.e1	2.37037e-5
 1.1e1	1.88285e-5
 1.2e1	1.4956e-5
 1.3e1	1.188e-5
 1.4e1	9.43661e-6
 1.5e1	7.49577e-6
 1.6e1	5.9541e-6
 1.7e1	4.72951e-6
 1.8e1	3.75678e-6
 1.9e1	2.98412e-6
 2.e1	2.37037e-6
 2.1e1	1.88285e-6
 2.2e1	1.4956e-6
 2.3e1	1.188e-6
 2.4e1	9.43661e-7
 2.5e1	7.49577e-7
