 -5.e0	3.98447e0
 -4.e0	3.16498e0
 -3.e0	2.51403e0
 -2.e0	1.99697e0
 -1.e0	1.58625e0
 0.e0	1.26e0
 1.e0	1.00085e0
 2.e0	7.95006e-1
 3.e0	6.31496e-1
 4.e0	5.01615e-1
 5.e0	3.98447e-1
 6.e0	3.16498e-1
 7.e0	2.51403e-1
 8.e0	1.99697e-1
 9.e0	1.58625e-1
 1.e1	1.26e-1
 1.1e1	1.00085e-1
 1.2e1	7.95006e-2
 1.3e1	6.31496e-2
 1.4e1	5.01615e-2
 1.5e1	3.98447e-2
 1.6e1	3.16498e-2
 1.7e1	2.51403e-2
 1.8e1	1.99697e-2
 1.9e1	1.58625e-2
 2.e1	1.26e-2
 2.1e1	1.00085e-2
 2.2e1	7.95006e-3
 2.3e1	6.31496e-3
 2.4e1	5.01615e-3
 2.5e1	3.98447e-3
