 -5.e0	8.53815e-1
 -4.e0	6.78209e-1
 -3.e0	5.38721e-1
 -2.e0	4.27921e-1
 -1.e0	3.3991e-1
 0.e0	2.7e-1
 1.e0	2.14469e-1
 2.e0	1.70358e-1
 3.e0	1.35321e-1
 4.e0	1.07489e-1
 5.e0	8.53815e-2
 6.e0	6.78209e-2
 7.e0	5.38721e-2
 8.e0	4.27921e-2
 9.e0	3.3991e-2
 1.e1	2.7e-2
 1.1e1	2.14469e-2
 1.2e1	1.70358e-2
 1.3e1	1.35321e-2
 1.4e1	1.07489e-2
 1.5e1	8.53815e-3
 1.6e1	6.78209e-3
 1.7e1	5.38721e-3
 1.8e1	4.27921e-3
 1.9e1	3.3991e-3
 2.e1	2.7e-3
 2.1e1	2.14469e-3
 2.2e1	1.70358e-3
 2.3e1	1.35321e-3
 2.4e1	1.07489e-3
 2.5e1	8.53815e-4
