 -5.e0	2.02386e-1
 -4.e0	1.60761e-1
 -3.e0	1.27697e-1
 -2.e0	1.01433e-1
 -1.e0	8.05712e-2
 0.e0	6.4e-2
 1.e0	5.0837e-2
 2.e0	4.03813e-2
 3.e0	3.2076e-2
 4.e0	2.54789e-2
 5.e0	2.02386e-2
 6.e0	1.60761e-2
 7.e0	1.27697e-2
 8.e0	1.01433e-2
 9.e0	8.05712e-3
 1.e1	6.4e-3
 1.1e1	5.0837e-3
 1.2e1	4.03813e-3
 1.3e1	3.2076e-3
 1.4e1	2.54789e-3
 1.5e1	2.02386e-3
 1.6e1	1.60761e-3
 1.7e1	1.27697e-3
 1.8e1	1.01433e-3
 1.9e1	8.05712e-4
 2.e1	6.4e-4
 2.1e1	5.0837e-4
 2.2e1	4.03813e-4
 2.3e1	3.2076e-4
 2.4e1	2.54789e-4
 2.5e1	2.02386e-4
