 -5.e0	2.40333e0
 -4.e0	1.90903e0
 -3.e0	1.5164e0
 -2.e0	1.20452e0
 -1.e0	9.56783e-1
 0.e0	7.6e-1
 1.e0	6.03689e-1
 2.e0	4.79528e-1
 3.e0	3.80902e-1
 4.e0	3.02561e-1
 5.e0	2.40333e-1
 6.e0	1.90903e-1
 7.e0	1.5164e-1
 8.e0	1.20452e-1
 9.e0	9.56783e-2
 1.e1	7.6e-2
 1.1e1	6.03689e-2
 1.2e1	4.79528e-2
 1.3e1	3.80902e-2
 1.4e1	3.02561e-2
 1.5e1	2.40333e-2
 1.6e1	1.90903e-2
 1.7e1	1.5164e-2
 1.8e1	1.20452e-2
 1.9e1	9.56783e-3
 2.e1	7.6e-3
 2.1e1	6.03689e-3
 2.2e1	4.79528e-3
 2.3e1	3.80902e-3
 2.4e1	3.02561e-3
 2.5e1	2.40333e-3
