 -5.e0	5.6921e-3
 -4.e0	4.5214e-3
 -3.e0	3.59147e-3
 -2.e0	2.85281e-3
 -1.e0	2.26607e-3
 0.e0	1.8e-3
 1.e0	1.42979e-3
 2.e0	1.13572e-3
 3.e0	9.02137e-4
 4.e0	7.16593e-4
 5.e0	5.6921e-4
 6.e0	4.5214e-4
 7.e0	3.59147e-4
 8.e0	2.85281e-4
 9.e0	2.26607e-4
 1.e1	1.8e-4
 1.1e1	1.42979e-4
 1.2e1	1.13572e-4
 1.3e1	9.02137e-5
 1.4e1	7.16593e-5
 1.5e1	5.6921e-5
 1.6e1	4.5214e-5
 1.7e1	3.59147e-5
 1.8e1	2.85281e-5
 1.9e1	2.26607e-5
 2.e1	1.8e-5
 2.1e1	1.42979e-5
 2.2e1	1.13572e-5
 2.3e1	9.02137e-6
 2.4e1	7.16593e-6
 2.5e1	5.6921e-6
