 -5.e0	5.12289e0
 -4.e0	4.06926e0
 -3.e0	3.23232e0
 -2.e0	2.56753e0
 -1.e0	2.03946e0
 0.e0	1.62e0
 1.e0	1.28681e0
 2.e0	1.02215e0
 3.e0	8.11923e-1
 4.e0	6.44934e-1
 5.e0	5.12289e-1
 6.e0	4.06926e-1
 7.e0	3.23232e-1
 8.e0	2.56753e-1
 9.e0	2.03946e-1
 1.e1	1.62e-1
 1.1e1	1.28681e-1
 1.2e1	1.02215e-1
 1.3e1	8.11923e-2
 1.4e1	6.44934e-2
 1.5e1	5.12289e-2
 1.6e1	4.06926e-2
 1.7e1	3.23232e-2
 1.8e1	2.56753e-2
 1.9e1	2.03946e-2
 2.e1	1.62e-2
 2.1e1	1.28681e-2
 2.2e1	1.02215e-2
 2.3e1	8.11923e-3
 2.4e1	6.44934e-3
 2.5e1	5.12289e-3
