 -5.e0	3.16228e-1
 -4.e0	2.51189e-1
 -3.e0	1.99526e-1
 -2.e0	1.58489e-1
 -1.e0	1.25893e-1
 0.e0	1.e-1
 1.e0	7.94328e-2
 2.e0	6.30957e-2
 3.e0	5.01187e-2
 4.e0	3.98107e-2
 5.e0	3.16228e-2
 6.e0	2.51189e-2
 7.e0	1.99526e-2
 8.e0	1.58489e-2
 9.e0	1.25893e-2
 1.e1	1.e-2
 1.1e1	7.94328e-3
 1.2e1	6.30957e-3
 1.3e1	5.01187e-3
 1.4e1	3.98107e-3
 1.5e1	3.16228e-3
 1.6e1	2.51189e-3
 1.7e1	1.99526e-3
 1.8e1	1.58489e-3
 1.9e1	1.25893e-3
 2.e1	1.e-3
 2.1e1	7.94328e-4
 2.2e1	6.30957e-4
 2.3e1	5.01187e-4
 2.4e1	3.98107e-4
 2.5e1	3.16228e-4
