 -5.e0	1.12938e-1
 -4.e0	8.97102e-2
 -3.e0	7.12594e-2
 -2.e0	5.66033e-2
 -1.e0	4.49616e-2
 0.e0	3.57143e-2
 1.e0	2.83689e-2
 2.e0	2.25342e-2
 3.e0	1.78995e-2
 4.e0	1.42181e-2
 5.e0	1.12938e-2
 6.e0	8.97102e-3
 7.e0	7.12594e-3
 8.e0	5.66033e-3
 9.e0	4.49616e-3
 1.e1	3.57143e-3
 1.1e1	2.83689e-3
 1.2e1	2.25342e-3
 1.3e1	1.78995e-3
 1.4e1	1.42181e-3
 1.5e1	1.12938e-3
 1.6e1	8.97102e-4
 1.7e1	7.12594e-4
 1.8e1	5.66033e-4
 1.9e1	4.49616e-4
 2.e1	3.57143e-4
 2.1e1	2.83689e-4
 2.2e1	2.25342e-4
 2.3e1	1.78995e-4
 2.4e1	1.42181e-4
 2.5e1	1.12938e-4
