 -5.e0	9.00626e-5
 -4.e0	7.15393e-5
 -3.e0	5.68257e-5
 -2.e0	4.51382e-5
 -1.e0	3.58546e-5
 0.e0	2.84803e-5
 1.e0	2.26227e-5
 2.e0	1.79698e-5
 3.e0	1.4274e-5
 4.e0	1.13382e-5
 5.e0	9.00626e-6
 6.e0	7.15393e-6
 7.e0	5.68257e-6
 8.e0	4.51382e-6
 9.e0	3.58546e-6
 1.e1	2.84803e-6
 1.1e1	2.26227e-6
 1.2e1	1.79698e-6
 1.3e1	1.4274e-6
 1.4e1	1.13382e-6
 1.5e1	9.00626e-7
 1.6e1	7.15393e-7
 1.7e1	5.68257e-7
 1.8e1	4.51382e-7
 1.9e1	3.58546e-7
 2.e1	2.84803e-7
 2.1e1	2.26227e-7
 2.2e1	1.79698e-7
 2.3e1	1.4274e-7
 2.4e1	1.13382e-7
 2.5e1	9.00626e-8
