 -5.e0	2.07531e-1
 -4.e0	1.64848e-1
 -3.e0	1.30943e-1
 -2.e0	1.04012e-1
 -1.e0	8.26195e-2
 0.e0	6.5627e-2
 1.e0	5.21294e-2
 2.e0	4.14079e-2
 3.e0	3.28914e-2
 4.e0	2.61266e-2
 5.e0	2.07531e-2
 6.e0	1.64848e-2
 7.e0	1.30943e-2
 8.e0	1.04012e-2
 9.e0	8.26195e-3
 1.e1	6.5627e-3
 1.1e1	5.21294e-3
 1.2e1	4.14079e-3
 1.3e1	3.28914e-3
 1.4e1	2.61266e-3
 1.5e1	2.07531e-3
 1.6e1	1.64848e-3
 1.7e1	1.30943e-3
 1.8e1	1.04012e-3
 1.9e1	8.26195e-4
 2.e1	6.5627e-4
 2.1e1	5.21294e-4
 2.2e1	4.14079e-4
 2.3e1	3.28914e-4
 2.4e1	2.61266e-4
 2.5e1	2.07531e-4
