 -5.e0	7.27324e0
 -4.e0	5.77734e0
 -3.e0	4.5891e0
 -2.e0	3.64525e0
 -1.e0	2.89553e0
 0.e0	2.3e0
 1.e0	1.82695e0
 2.e0	1.4512e0
 3.e0	1.15273e0
 4.e0	9.15646e-1
 5.e0	7.27324e-1
 6.e0	5.77734e-1
 7.e0	4.5891e-1
 8.e0	3.64525e-1
 9.e0	2.89553e-1
 1.e1	2.3e-1
 1.1e1	1.82695e-1
 1.2e1	1.4512e-1
 1.3e1	1.15273e-1
 1.4e1	9.15646e-2
 1.5e1	7.27324e-2
 1.6e1	5.77734e-2
 1.7e1	4.5891e-2
 1.8e1	3.64525e-2
 1.9e1	2.89553e-2
 2.e1	2.3e-2
 2.1e1	1.82695e-2
 2.2e1	1.4512e-2
 2.3e1	1.15273e-2
 2.4e1	9.15646e-3
 2.5e1	7.27324e-3
