 -5.e0	9.07456e-3
 -4.e0	7.20818e-3
 -3.e0	5.72566e-3
 -2.e0	4.54805e-3
 -1.e0	3.61265e-3
 0.e0	2.86963e-3
 1.e0	2.27943e-3
 2.e0	1.81061e-3
 3.e0	1.43822e-3
 4.e0	1.14242e-3
 5.e0	9.07456e-4
 6.e0	7.20818e-4
 7.e0	5.72566e-4
 8.e0	4.54805e-4
 9.e0	3.61265e-4
 1.e1	2.86963e-4
 1.1e1	2.27943e-4
 1.2e1	1.81061e-4
 1.3e1	1.43822e-4
 1.4e1	1.14242e-4
 1.5e1	9.07456e-5
 1.6e1	7.20818e-5
 1.7e1	5.72566e-5
 1.8e1	4.54805e-5
 1.9e1	3.61265e-5
 2.e1	2.86963e-5
 2.1e1	2.27943e-5
 2.2e1	1.81061e-5
 2.3e1	1.43822e-5
 2.4e1	1.14242e-5
 2.5e1	9.07456e-6
