 -5.e0	4.86476e1
 -4.e0	3.86421e1
 -3.e0	3.06945e1
 -2.e0	2.43815e1
 -1.e0	1.93669e1
 0.e0	1.53837e1
 1.e0	1.22197e1
 2.e0	9.70647e0
 3.e0	7.71012e0
 4.e0	6.12437e0
 5.e0	4.86476e0
 6.e0	3.86421e0
 7.e0	3.06945e0
 8.e0	2.43815e0
 9.e0	1.93669e0
 1.e1	1.53837e0
 1.1e1	1.22197e0
 1.2e1	9.70647e-1
 1.3e1	7.71012e-1
 1.4e1	6.12437e-1
 1.5e1	4.86476e-1
 1.6e1	3.86421e-1
 1.7e1	3.06945e-1
 1.8e1	2.43815e-1
 1.9e1	1.93669e-1
 2.e1	1.53837e-1
 2.1e1	1.22197e-1
 2.2e1	9.70647e-2
 2.3e1	7.71012e-2
 2.4e1	6.12437e-2
 2.5e1	4.86476e-2
