 -5.e0	6.44194e0
 -4.e0	5.11702e0
 -3.e0	4.06459e0
 -2.e0	3.22862e0
 -1.e0	2.56458e0
 0.e0	2.03712e0
 1.e0	1.61814e0
 2.e0	1.28534e0
 3.e0	1.02098e0
 4.e0	8.10993e-1
 5.e0	6.44194e-1
 6.e0	5.11702e-1
 7.e0	4.06459e-1
 8.e0	3.22862e-1
 9.e0	2.56458e-1
 1.e1	2.03712e-1
 1.1e1	1.61814e-1
 1.2e1	1.28534e-1
 1.3e1	1.02098e-1
 1.4e1	8.10993e-2
 1.5e1	6.44194e-2
 1.6e1	5.11702e-2
 1.7e1	4.06459e-2
 1.8e1	3.22862e-2
 1.9e1	2.56458e-2
 2.e1	2.03712e-2
 2.1e1	1.61814e-2
 2.2e1	1.28534e-2
 2.3e1	1.02098e-2
 2.4e1	8.10993e-3
 2.5e1	6.44194e-3
