 -5.e0	6.44851e-1
 -4.e0	5.12224e-1
 -3.e0	4.06874e-1
 -2.e0	3.23191e-1
 -1.e0	2.5672e-1
 0.e0	2.0392e-1
 1.e0	1.61979e-1
 2.e0	1.28665e-1
 3.e0	1.02202e-1
 4.e0	8.1182e-2
 5.e0	6.44851e-2
 6.e0	5.12224e-2
 7.e0	4.06874e-2
 8.e0	3.23191e-2
 9.e0	2.5672e-2
 1.e1	2.0392e-2
 1.1e1	1.61979e-2
 1.2e1	1.28665e-2
 1.3e1	1.02202e-2
 1.4e1	8.1182e-3
 1.5e1	6.44851e-3
 1.6e1	5.12224e-3
 1.7e1	4.06874e-3
 1.8e1	3.23191e-3
 1.9e1	2.5672e-3
 2.e1	2.0392e-3
 2.1e1	1.61979e-3
 2.2e1	1.28665e-3
 2.3e1	1.02202e-3
 2.4e1	8.1182e-4
 2.5e1	6.44851e-4
