 -5.e0	8.75174e-1
 -4.e0	6.95176e-1
 -3.e0	5.52198e-1
 -2.e0	4.38626e-1
 -1.e0	3.48413e-1
 0.e0	2.76754e-1
 1.e0	2.19834e-1
 2.e0	1.7462e-1
 3.e0	1.38706e-1
 4.e0	1.10178e-1
 5.e0	8.75174e-2
 6.e0	6.95176e-2
 7.e0	5.52198e-2
 8.e0	4.38626e-2
 9.e0	3.48413e-2
 1.e1	2.76754e-2
 1.1e1	2.19834e-2
 1.2e1	1.7462e-2
 1.3e1	1.38706e-2
 1.4e1	1.10178e-2
 1.5e1	8.75174e-3
 1.6e1	6.95176e-3
 1.7e1	5.52198e-3
 1.8e1	4.38626e-3
 1.9e1	3.48413e-3
 2.e1	2.76754e-3
 2.1e1	2.19834e-3
 2.2e1	1.7462e-3
 2.3e1	1.38706e-3
 2.4e1	1.10178e-3
 2.5e1	8.75174e-4
