 -5.e0	5.57611e-6
 -4.e0	4.42926e-6
 -3.e0	3.51829e-6
 -2.e0	2.79467e-6
 -1.e0	2.21989e-6
 0.e0	1.76332e-6
 1.e0	1.40065e-6
 2.e0	1.11258e-6
 3.e0	8.83754e-7
 4.e0	7.0199e-7
 5.e0	5.57611e-7
 6.e0	4.42926e-7
 7.e0	3.51829e-7
 8.e0	2.79467e-7
 9.e0	2.21989e-7
 1.e1	1.76332e-7
 1.1e1	1.40065e-7
 1.2e1	1.11258e-7
 1.3e1	8.83754e-8
 1.4e1	7.0199e-8
 1.5e1	5.57611e-8
 1.6e1	4.42926e-8
 1.7e1	3.51829e-8
 1.8e1	2.79467e-8
 1.9e1	2.21989e-8
 2.e1	1.76332e-8
 2.1e1	1.40065e-8
 2.2e1	1.11258e-8
 2.3e1	8.83754e-9
 2.4e1	7.0199e-9
 2.5e1	5.57611e-9
