 -5.e0	2.50897e0
 -4.e0	1.99295e0
 -3.e0	1.58305e0
 -2.e0	1.25746e0
 -1.e0	9.9884e-1
 0.e0	7.93407e-1
 1.e0	6.30225e-1
 2.e0	5.00606e-1
 3.e0	3.97645e-1
 4.e0	3.15861e-1
 5.e0	2.50897e-1
 6.e0	1.99295e-1
 7.e0	1.58305e-1
 8.e0	1.25746e-1
 9.e0	9.9884e-2
 1.e1	7.93407e-2
 1.1e1	6.30225e-2
 1.2e1	5.00606e-2
 1.3e1	3.97645e-2
 1.4e1	3.15861e-2
 1.5e1	2.50897e-2
 1.6e1	1.99295e-2
 1.7e1	1.58305e-2
 1.8e1	1.25746e-2
 1.9e1	9.9884e-3
 2.e1	7.93407e-3
 2.1e1	6.30225e-3
 2.2e1	5.00606e-3
 2.3e1	3.97645e-3
 2.4e1	3.15861e-3
 2.5e1	2.50897e-3
