 -5.e0	4.20953e-2
 -4.e0	3.34374e-2
 -3.e0	2.65603e-2
 -2.e0	2.10976e-2
 -1.e0	1.67584e-2
 0.e0	1.33117e-2
 1.e0	1.05738e-2
 2.e0	8.39911e-3
 3.e0	6.67165e-3
 4.e0	5.29948e-3
 5.e0	4.20953e-3
 6.e0	3.34374e-3
 7.e0	2.65603e-3
 8.e0	2.10976e-3
 9.e0	1.67584e-3
 1.e1	1.33117e-3
 1.1e1	1.05738e-3
 1.2e1	8.39911e-4
 1.3e1	6.67165e-4
 1.4e1	5.29948e-4
 1.5e1	4.20953e-4
 1.6e1	3.34374e-4
 1.7e1	2.65603e-4
 1.8e1	2.10976e-4
 1.9e1	1.67584e-4
 2.e1	1.33117e-4
 2.1e1	1.05738e-4
 2.2e1	8.39911e-5
 2.3e1	6.67165e-5
 2.4e1	5.29948e-5
 2.5e1	4.20953e-5
