 9.e0	9.86004e-1
 1.e1	9.55147e-1
 1.1e1	9.11278e-1
 1.2e1	8.59648e-1
 1.3e1	8.04677e-1
 1.4e1	7.49477e-1
 1.5e1	6.96013e-1
 1.6e1	6.45407e-1
 1.7e1	5.98211e-1
 1.8e1	5.54615e-1
 1.9e1	5.1459e-1
 2.e1	4.77979e-1
 2.1e1	4.44561e-1
 2.2e1	4.14087e-1
 2.3e1	3.86299e-1
 2.4e1	3.60951e-1
 2.5e1	3.37808e-1
 2.6e1	3.16655e-1
 2.7e1	2.97294e-1
 2.8e1	2.79548e-1
 2.9e1	2.63257e-1
 3.e1	2.48278e-1
 3.1e1	2.34483e-1
 3.2e1	2.21758e-1
 3.3e1	2.1e-1
 3.4e1	1.99118e-1
 3.5e1	1.89033e-1
 3.6e1	1.7967e-1
 3.7e1	1.70965e-1
 3.8e1	1.6286e-1
 3.9e1	1.55303e-1
 4.e1	1.48247e-1
 4.1e1	1.4165e-1
 4.2e1	1.35474e-1
 4.3e1	1.29685e-1
 4.4e1	1.24252e-1
 4.5e1	1.19146e-1
 4.6e1	1.14344e-1
 4.7e1	1.09821e-1
 4.8e1	1.05556e-1
 4.9e1	1.01532e-1
 5.e1	9.77297e-2
 5.1e1	9.41341e-2
 5.2e1	9.07307e-2
 5.3e1	8.75061e-2
 5.4e1	8.44483e-2
 5.5e1	8.1546e-2
 5.6e1	7.87891e-2
 5.7e1	7.6168e-2
 5.8e1	7.36742e-2
 5.9e1	7.12996e-2
 6.e1	6.90369e-2
 6.1e1	6.68791e-2
 6.2e1	6.48199e-2
 6.3e1	6.28536e-2
 6.4e1	6.09746e-2
 6.5e1	5.91779e-2
 6.6e1	5.74588e-2
 6.7e1	5.58129e-2
 6.8e1	5.42362e-2
 6.9e1	5.27249e-2
 7.e1	5.12754e-2
 7.1e1	4.98845e-2
 7.2e1	4.8549e-2
 7.3e1	4.7266e-2
 7.4e1	4.6033e-2
 7.5e1	4.48472e-2
 7.6e1	4.37064e-2
 7.7e1	4.26083e-2
 7.8e1	4.15509e-2
 7.9e1	4.05321e-2
 8.e1	3.95501e-2
 8.1e1	3.86032e-2
 8.2e1	3.76897e-2
 8.3e1	3.68081e-2
 8.4e1	3.59569e-2
 8.5e1	3.51347e-2
 8.6e1	3.43403e-2
 8.7e1	3.35724e-2
 8.8e1	3.28299e-2
 8.9e1	3.21116e-2
 9.e1	3.14165e-2
 9.1e1	3.07437e-2
 9.2e1	3.00921e-2
 9.3e1	2.9461e-2
 9.4e1	2.88494e-2
 9.5e1	2.82567e-2
 9.6e1	2.76819e-2
 9.7e1	2.71244e-2
 9.8e1	2.65835e-2
 9.9e1	2.60586e-2
 1.e2	2.55491e-2
