 9.e0	9.93739e-1
 1.e1	9.77648e-1
 1.1e1	9.5176e-1
 1.2e1	9.18038e-1
 1.3e1	8.78969e-1
 1.4e1	8.36837e-1
 1.5e1	7.93471e-1
 1.6e1	7.50213e-1
 1.7e1	7.07988e-1
 1.8e1	6.67392e-1
 1.9e1	6.28782e-1
 2.e1	5.92339e-1
 2.1e1	5.58128e-1
 2.2e1	5.26133e-1
 2.3e1	4.96288e-1
 2.4e1	4.68493e-1
 2.5e1	4.42634e-1
 2.6e1	4.18588e-1
 2.7e1	3.96229e-1
 2.8e1	3.75434e-1
 2.9e1	3.56087e-1
 3.e1	3.38074e-1
 3.1e1	3.21292e-1
 3.2e1	3.05644e-1
 3.3e1	2.9104e-1
 3.4e1	2.77397e-1
 3.5e1	2.6464e-1
 3.6e1	2.527e-1
 3.7e1	2.41512e-1
 3.8e1	2.31019e-1
 3.9e1	2.21167e-1
 4.e1	2.11908e-1
 4.1e1	2.03198e-1
 4.2e1	1.94996e-1
 4.3e1	1.87265e-1
 4.4e1	1.7997e-1
 4.5e1	1.73082e-1
 4.6e1	1.66571e-1
 4.7e1	1.60411e-1
 4.8e1	1.54578e-1
 4.9e1	1.4905e-1
 5.e1	1.43807e-1
 5.1e1	1.3883e-1
 5.2e1	1.34101e-1
 5.3e1	1.29606e-1
 5.4e1	1.25328e-1
 5.5e1	1.21255e-1
 5.6e1	1.17374e-1
 5.7e1	1.13673e-1
 5.8e1	1.10142e-1
 5.9e1	1.0677e-1
 6.e1	1.03548e-1
 6.1e1	1.00468e-1
 6.2e1	9.75218e-2
 6.3e1	9.47013e-2
 6.4e1	9.19999e-2
 6.5e1	8.9411e-2
 6.6e1	8.69285e-2
 6.7e1	8.45468e-2
 6.8e1	8.22606e-2
 6.9e1	8.00649e-2
 7.e1	7.79549e-2
 7.1e1	7.59265e-2
 7.2e1	7.39754e-2
 7.3e1	7.20979e-2
 7.4e1	7.02902e-2
 7.5e1	6.85491e-2
 7.6e1	6.68713e-2
 7.7e1	6.52538e-2
 7.8e1	6.36939e-2
 7.9e1	6.21887e-2
 8.e1	6.07359e-2
 8.1e1	5.93329e-2
 8.2e1	5.79777e-2
 8.3e1	5.6668e-2
 8.4e1	5.54019e-2
 8.5e1	5.41775e-2
 8.6e1	5.29929e-2
 8.7e1	5.18466e-2
 8.8e1	5.07367e-2
 8.9e1	4.96619e-2
 9.e1	4.86207e-2
 9.1e1	4.76117e-2
 9.2e1	4.66336e-2
 9.3e1	4.56852e-2
 9.4e1	4.47652e-2
 9.5e1	4.38726e-2
 9.6e1	4.30063e-2
 9.7e1	4.21652e-2
 9.8e1	4.13485e-2
 9.9e1	4.05551e-2
 1.e2	3.97843e-2
