 9.e0	9.89882e-1
 1.e1	9.66064e-1
 1.1e1	9.3038e-1
 1.2e1	8.86555e-1
 1.3e1	8.38219e-1
 1.4e1	7.88227e-1
 1.5e1	7.38577e-1
 1.6e1	6.90558e-1
 1.7e1	6.44933e-1
 1.8e1	6.02097e-1
 1.9e1	5.62202e-1
 2.e1	5.25244e-1
 2.1e1	4.91126e-1
 2.2e1	4.59696e-1
 2.3e1	4.30775e-1
 2.4e1	4.04174e-1
 2.5e1	3.79704e-1
 2.6e1	3.57185e-1
 2.7e1	3.36444e-1
 2.8e1	3.17323e-1
 2.9e1	2.99677e-1
 3.e1	2.83371e-1
 3.1e1	2.68286e-1
 3.2e1	2.54312e-1
 3.3e1	2.41349e-1
 3.4e1	2.29309e-1
 3.5e1	2.18111e-1
 3.6e1	2.07682e-1
 3.7e1	1.97957e-1
 3.8e1	1.88876e-1
 3.9e1	1.80386e-1
 4.e1	1.72439e-1
 4.1e1	1.64991e-1
 4.2e1	1.58003e-1
 4.3e1	1.51438e-1
 4.4e1	1.45264e-1
 4.5e1	1.39452e-1
 4.6e1	1.33974e-1
 4.7e1	1.28806e-1
 4.8e1	1.23926e-1
 4.9e1	1.19313e-1
 5.e1	1.14948e-1
 5.1e1	1.10814e-1
 5.2e1	1.06896e-1
 5.3e1	1.03178e-1
 5.4e1	9.96488e-2
 5.5e1	9.62945e-2
 5.6e1	9.31045e-2
 5.7e1	9.00683e-2
 5.8e1	8.71763e-2
 5.9e1	8.44197e-2
 6.e1	8.17902e-2
 6.1e1	7.92803e-2
 6.2e1	7.68829e-2
 6.3e1	7.45914e-2
 6.4e1	7.23998e-2
 6.5e1	7.03025e-2
 6.6e1	6.82941e-2
 6.7e1	6.63697e-2
 6.8e1	6.45248e-2
 6.9e1	6.2755e-2
 7.e1	6.10565e-2
 7.1e1	5.94255e-2
 7.2e1	5.78584e-2
 7.3e1	5.6352e-2
 7.4e1	5.49032e-2
 7.5e1	5.35091e-2
 7.6e1	5.21672e-2
 7.7e1	5.08747e-2
 7.8e1	4.96293e-2
 7.9e1	4.84288e-2
 8.e1	4.72711e-2
 8.1e1	4.61541e-2
 8.2e1	4.5076e-2
 8.3e1	4.4035e-2
 8.4e1	4.30294e-2
 8.5e1	4.20578e-2
 8.6e1	4.11184e-2
 8.7e1	4.021e-2
 8.8e1	3.93313e-2
 8.9e1	3.84808e-2
 9.e1	3.76576e-2
 9.1e1	3.68603e-2
 9.2e1	3.6088e-2
 9.3e1	3.53395e-2
 9.4e1	3.4614e-2
 9.5e1	3.39105e-2
 9.6e1	3.32282e-2
 9.7e1	3.25662e-2
 9.8e1	3.19236e-2
 9.9e1	3.12998e-2
 1.e2	3.06941e-2
