 9.e0	9.82646e-1
 1.e1	9.46146e-1
 1.1e1	8.9614e-1
 1.2e1	8.39012e-1
 1.3e1	7.79648e-1
 1.4e1	7.21231e-1
 1.5e1	6.65604e-1
 1.6e1	6.13707e-1
 1.7e1	5.65905e-1
 1.8e1	5.22224e-1
 1.9e1	4.82497e-1
 2.e1	4.4646e-1
 2.1e1	4.13807e-1
 2.2e1	3.84225e-1
 2.3e1	3.57409e-1
 2.4e1	3.33077e-1
 2.5e1	3.10968e-1
 2.6e1	2.90847e-1
 2.7e1	2.72504e-1
 2.8e1	2.55753e-1
 2.9e1	2.40426e-1
 3.e1	2.26376e-1
 3.1e1	2.13474e-1
 3.2e1	2.01603e-1
 3.3e1	1.90661e-1
 3.4e1	1.80558e-1
 3.5e1	1.71214e-1
 3.6e1	1.62556e-1
 3.7e1	1.54522e-1
 3.8e1	1.47055e-1
 3.9e1	1.40103e-1
 4.e1	1.33623e-1
 4.1e1	1.27572e-1
 4.2e1	1.21916e-1
 4.3e1	1.16621e-1
 4.4e1	1.11657e-1
 4.5e1	1.06998e-1
 4.6e1	1.0262e-1
 4.7e1	9.8502e-2
 4.8e1	9.4623e-2
 4.9e1	9.09655e-2
 5.e1	8.75133e-2
 5.1e1	8.42515e-2
 5.2e1	8.11664e-2
 5.3e1	7.82459e-2
 5.4e1	7.54784e-2
 5.5e1	7.28536e-2
 5.6e1	7.03619e-2
 5.7e1	6.79947e-2
 5.8e1	6.57438e-2
 5.9e1	6.36018e-2
 6.e1	6.15619e-2
 6.1e1	5.96177e-2
 6.2e1	5.77635e-2
 6.3e1	5.59937e-2
 6.4e1	5.43034e-2
 6.5e1	5.26879e-2
 6.6e1	5.11429e-2
 6.7e1	4.96645e-2
 6.8e1	4.82487e-2
 6.9e1	4.68923e-2
 7.e1	4.55919e-2
 7.1e1	4.43445e-2
 7.2e1	4.31473e-2
 7.3e1	4.19976e-2
 7.4e1	4.08931e-2
 7.5e1	3.98313e-2
 7.6e1	3.88101e-2
 7.7e1	3.78274e-2
 7.8e1	3.68814e-2
 7.9e1	3.59703e-2
 8.e1	3.50924e-2
 8.1e1	3.42461e-2
 8.2e1	3.34299e-2
 8.3e1	3.26424e-2
 8.4e1	3.18822e-2
 8.5e1	3.11482e-2
 8.6e1	3.04392e-2
 8.7e1	2.9754e-2
 8.8e1	2.90915e-2
 8.9e1	2.84509e-2
 9.e1	2.78311e-2
 9.1e1	2.72313e-2
 9.2e1	2.66506e-2
 9.3e1	2.60882e-2
 9.4e1	2.55433e-2
 9.5e1	2.50153e-2
 9.6e1	2.45034e-2
 9.7e1	2.40071e-2
 9.8e1	2.35256e-2
 9.9e1	2.30584e-2
 1.e2	2.2605e-2
