 9.e0	9.78672e-1
 1.e1	9.35976e-1
 1.1e1	8.79666e-1
 1.2e1	8.17235e-1
 1.3e1	7.53909e-1
 1.4e1	6.92809e-1
 1.5e1	6.35573e-1
 1.6e1	5.82905e-1
 1.7e1	5.34957e-1
 1.8e1	4.91579e-1
 1.9e1	4.52469e-1
 2.e1	4.1726e-1
 2.1e1	3.85568e-1
 2.2e1	3.57025e-1
 2.3e1	3.31286e-1
 2.4e1	3.0804e-1
 2.5e1	2.87006e-1
 2.6e1	2.67936e-1
 2.7e1	2.5061e-1
 2.8e1	2.34837e-1
 2.9e1	2.20446e-1
 3.e1	2.07288e-1
 3.1e1	1.95234e-1
 3.2e1	1.84167e-1
 3.3e1	1.73988e-1
 3.4e1	1.64607e-1
 3.5e1	1.55945e-1
 3.6e1	1.47932e-1
 3.7e1	1.40508e-1
 3.8e1	1.33617e-1
 3.9e1	1.27211e-1
 4.e1	1.21246e-1
 4.1e1	1.15684e-1
 4.2e1	1.10489e-1
 4.3e1	1.05631e-1
 4.4e1	1.01082e-1
 4.5e1	9.68157e-2
 4.6e1	9.28105e-2
 4.7e1	8.90456e-2
 4.8e1	8.55023e-2
 4.9e1	8.21638e-2
 5.e1	7.90149e-2
 5.1e1	7.60417e-2
 5.2e1	7.32313e-2
 5.3e1	7.05724e-2
 5.4e1	6.80543e-2
 5.5e1	6.56674e-2
 5.6e1	6.34027e-2
 5.7e1	6.12522e-2
 5.8e1	5.92084e-2
 5.9e1	5.72644e-2
 6.e1	5.54138e-2
 6.1e1	5.36508e-2
 6.2e1	5.19701e-2
 6.3e1	5.03665e-2
 6.4e1	4.88355e-2
 6.5e1	4.73729e-2
 6.6e1	4.59745e-2
 6.7e1	4.46368e-2
 6.8e1	4.33563e-2
 6.9e1	4.21298e-2
 7.e1	4.09544e-2
 7.1e1	3.98271e-2
 7.2e1	3.87456e-2
 7.3e1	3.77072e-2
 7.4e1	3.67099e-2
 7.5e1	3.57514e-2
 7.6e1	3.48298e-2
 7.7e1	3.39432e-2
 7.8e1	3.30899e-2
 7.9e1	3.22682e-2
 8.e1	3.14766e-2
 8.1e1	3.07137e-2
 8.2e1	2.99781e-2
 8.3e1	2.92684e-2
 8.4e1	2.85836e-2
 8.5e1	2.79225e-2
 8.6e1	2.72839e-2
 8.7e1	2.66669e-2
 8.8e1	2.60706e-2
 8.9e1	2.54939e-2
 9.e1	2.49361e-2
 9.1e1	2.43964e-2
 9.2e1	2.38739e-2
 9.3e1	2.3368e-2
 9.4e1	2.2878e-2
 9.5e1	2.24032e-2
 9.6e1	2.19429e-2
 9.7e1	2.14967e-2
 9.8e1	2.10639e-2
 9.9e1	2.0644e-2
 1.e2	2.02364e-2
