 9.e0	9.98992e-1
 1.e1	9.95615e-1
 1.1e1	9.88817e-1
 1.2e1	9.78091e-1
 1.3e1	9.63434e-1
 1.4e1	9.45194e-1
 1.5e1	9.23916e-1
 1.6e1	9.00222e-1
 1.7e1	8.74729e-1
 1.8e1	8.48004e-1
 1.9e1	8.20542e-1
 2.e1	7.92759e-1
 2.1e1	7.64992e-1
 2.2e1	7.3751e-1
 2.3e1	7.10519e-1
 2.4e1	6.84174e-1
 2.5e1	6.58587e-1
 2.6e1	6.33836e-1
 2.7e1	6.09969e-1
 2.8e1	5.87014e-1
 2.9e1	5.64982e-1
 3.e1	5.43869e-1
 3.1e1	5.23664e-1
 3.2e1	5.04346e-1
 3.3e1	4.8589e-1
 3.4e1	4.68267e-1
 3.5e1	4.51445e-1
 3.6e1	4.35392e-1
 3.7e1	4.20075e-1
 3.8e1	4.0546e-1
 3.9e1	3.91514e-1
 4.e1	3.78205e-1
 4.1e1	3.65501e-1
 4.2e1	3.53372e-1
 4.3e1	3.41788e-1
 4.4e1	3.30722e-1
 4.5e1	3.20147e-1
 4.6e1	3.10037e-1
 4.7e1	3.00369e-1
 4.8e1	2.91119e-1
 4.9e1	2.82267e-1
 5.e1	2.7379e-1
 5.1e1	2.6567e-1
 5.2e1	2.57889e-1
 5.3e1	2.5043e-1
 5.4e1	2.43275e-1
 5.5e1	2.36409e-1
 5.6e1	2.29819e-1
 5.7e1	2.2349e-1
 5.8e1	2.1741e-1
 5.9e1	2.11566e-1
 6.e1	2.05946e-1
 6.1e1	2.0054e-1
 6.2e1	1.95338e-1
 6.3e1	1.9033e-1
 6.4e1	1.85506e-1
 6.5e1	1.80858e-1
 6.6e1	1.76379e-1
 6.7e1	1.72059e-1
 6.8e1	1.67892e-1
 6.9e1	1.63872e-1
 7.e1	1.59991e-1
 7.1e1	1.56242e-1
 7.2e1	1.52622e-1
 7.3e1	1.49123e-1
 7.4e1	1.45741e-1
 7.5e1	1.4247e-1
 7.6e1	1.39306e-1
 7.7e1	1.36244e-1
 7.8e1	1.33281e-1
 7.9e1	1.30411e-1
 8.e1	1.27632e-1
 8.1e1	1.24939e-1
 8.2e1	1.22329e-1
 8.3e1	1.19799e-1
 8.4e1	1.17345e-1
 8.5e1	1.14965e-1
 8.6e1	1.12655e-1
 8.7e1	1.10414e-1
 8.8e1	1.08238e-1
 8.9e1	1.06124e-1
 9.e1	1.04071e-1
 9.1e1	1.02077e-1
 9.2e1	1.00138e-1
 9.3e1	9.8254e-2
 9.4e1	9.64217e-2
 9.5e1	9.46396e-2
 9.6e1	9.29059e-2
 9.7e1	9.12189e-2
 9.8e1	8.9577e-2
 9.9e1	8.79785e-2
 1.e2	8.6422e-2
