 9.e0	9.78832e-1
 1.e1	9.36372e-1
 1.1e1	8.80291e-1
 1.2e1	8.18044e-1
 1.3e1	7.54848e-1
 1.4e1	6.93829e-1
 1.5e1	6.36637e-1
 1.6e1	5.83983e-1
 1.7e1	5.36029e-1
 1.8e1	4.92631e-1
 1.9e1	4.53492e-1
 2.e1	4.18246e-1
 2.1e1	3.86516e-1
 2.2e1	3.57932e-1
 2.3e1	3.32153e-1
 2.4e1	3.08867e-1
 2.5e1	2.87793e-1
 2.6e1	2.68685e-1
 2.7e1	2.51324e-1
 2.8e1	2.35516e-1
 2.9e1	2.21092e-1
 3.e1	2.07904e-1
 3.1e1	1.95821e-1
 3.2e1	1.84727e-1
 3.3e1	1.74522e-1
 3.4e1	1.65116e-1
 3.5e1	1.56431e-1
 3.6e1	1.48397e-1
 3.7e1	1.40952e-1
 3.8e1	1.34043e-1
 3.9e1	1.27618e-1
 4.e1	1.21636e-1
 4.1e1	1.16058e-1
 4.2e1	1.10848e-1
 4.3e1	1.05976e-1
 4.4e1	1.01413e-1
 4.5e1	9.71343e-2
 4.6e1	9.3117e-2
 4.7e1	8.93406e-2
 4.8e1	8.57865e-2
 4.9e1	8.24378e-2
 5.e1	7.92792e-2
 5.1e1	7.62967e-2
 5.2e1	7.34776e-2
 5.3e1	7.08103e-2
 5.4e1	6.82842e-2
 5.5e1	6.58897e-2
 5.6e1	6.36179e-2
 5.7e1	6.14605e-2
 5.8e1	5.94101e-2
 5.9e1	5.74598e-2
 6.e1	5.56032e-2
 6.1e1	5.38345e-2
 6.2e1	5.21483e-2
 6.3e1	5.05395e-2
 6.4e1	4.90035e-2
 6.5e1	4.75361e-2
 6.6e1	4.61331e-2
 6.7e1	4.4791e-2
 6.8e1	4.35063e-2
 6.9e1	4.22757e-2
 7.e1	4.10963e-2
 7.1e1	3.99653e-2
 7.2e1	3.88802e-2
 7.3e1	3.78384e-2
 7.4e1	3.68377e-2
 7.5e1	3.5876e-2
 7.6e1	3.49513e-2
 7.7e1	3.40617e-2
 7.8e1	3.32055e-2
 7.9e1	3.2381e-2
 8.e1	3.15868e-2
 8.1e1	3.08213e-2
 8.2e1	3.00831e-2
 8.3e1	2.93711e-2
 8.4e1	2.86839e-2
 8.5e1	2.80205e-2
 8.6e1	2.73798e-2
 8.7e1	2.67607e-2
 8.8e1	2.61623e-2
 8.9e1	2.55837e-2
 9.e1	2.5024e-2
 9.1e1	2.44824e-2
 9.2e1	2.39582e-2
 9.3e1	2.34505e-2
 9.4e1	2.29588e-2
 9.5e1	2.24823e-2
 9.6e1	2.20205e-2
 9.7e1	2.15727e-2
 9.8e1	2.11384e-2
 9.9e1	2.0717e-2
 1.e2	2.03081e-2
