 9.e0	9.80185e-1
 1.e1	9.39782e-1
 1.1e1	8.85744e-1
 1.2e1	8.25176e-1
 1.3e1	7.63202e-1
 1.4e1	7.02984e-1
 1.5e1	6.46246e-1
 1.6e1	5.93781e-1
 1.7e1	5.45824e-1
 1.8e1	5.02286e-1
 1.9e1	4.62914e-1
 2.e1	4.27376e-1
 2.1e1	3.95316e-1
 2.2e1	3.66384e-1
 2.3e1	3.40248e-1
 2.4e1	3.16606e-1
 2.5e1	2.95183e-1
 2.6e1	2.75737e-1
 2.7e1	2.58049e-1
 2.8e1	2.41929e-1
 2.9e1	2.27208e-1
 3.e1	2.13738e-1
 3.1e1	2.01387e-1
 3.2e1	1.90041e-1
 3.3e1	1.79597e-1
 3.4e1	1.69965e-1
 3.5e1	1.61068e-1
 3.6e1	1.52833e-1
 3.7e1	1.45199e-1
 3.8e1	1.38111e-1
 3.9e1	1.31518e-1
 4.e1	1.25377e-1
 4.1e1	1.19648e-1
 4.2e1	1.14296e-1
 4.3e1	1.0929e-1
 4.4e1	1.04599e-1
 4.5e1	1.002e-1
 4.6e1	9.60691e-2
 4.7e1	9.21846e-2
 4.8e1	8.85279e-2
 4.9e1	8.50818e-2
 5.e1	8.18307e-2
 5.1e1	7.87602e-2
 5.2e1	7.58575e-2
 5.3e1	7.31107e-2
 5.4e1	7.05088e-2
 5.5e1	6.80421e-2
 5.6e1	6.57013e-2
 5.7e1	6.34782e-2
 5.8e1	6.13651e-2
 5.9e1	5.93549e-2
 6.e1	5.7441e-2
 6.1e1	5.56175e-2
 6.2e1	5.38788e-2
 6.3e1	5.22198e-2
 6.4e1	5.06357e-2
 6.5e1	4.91222e-2
 6.6e1	4.7675e-2
 6.7e1	4.62904e-2
 6.8e1	4.49649e-2
 6.9e1	4.36952e-2
 7.e1	4.24782e-2
 7.1e1	4.13111e-2
 7.2e1	4.01911e-2
 7.3e1	3.91159e-2
 7.4e1	3.80829e-2
 7.5e1	3.70902e-2
 7.6e1	3.61356e-2
 7.7e1	3.52172e-2
 7.8e1	3.43332e-2
 7.9e1	3.34819e-2
 8.e1	3.26617e-2
 8.1e1	3.18712e-2
 8.2e1	3.11089e-2
 8.3e1	3.03735e-2
 8.4e1	2.96638e-2
 8.5e1	2.89786e-2
 8.6e1	2.83168e-2
 8.7e1	2.76773e-2
 8.8e1	2.70591e-2
 8.9e1	2.64613e-2
 9.e1	2.58831e-2
 9.1e1	2.53235e-2
 9.2e1	2.47819e-2
 9.3e1	2.42573e-2
 9.4e1	2.37492e-2
 9.5e1	2.32569e-2
 9.6e1	2.27796e-2
 9.7e1	2.23169e-2
 9.8e1	2.18681e-2
 9.9e1	2.14326e-2
 1.e2	2.101e-2
