 9.e0	9.96945e-1
 1.e1	9.88139e-1
 1.1e1	9.72553e-1
 1.2e1	9.50554e-1
 1.3e1	9.23269e-1
 1.4e1	8.92071e-1
 1.5e1	8.58288e-1
 1.6e1	8.23064e-1
 1.7e1	7.87315e-1
 1.8e1	7.51741e-1
 1.9e1	7.1685e-1
 2.e1	6.82998e-1
 2.1e1	6.50422e-1
 2.2e1	6.19264e-1
 2.3e1	5.896e-1
 2.4e1	5.61455e-1
 2.5e1	5.3482e-1
 2.6e1	5.0966e-1
 2.7e1	4.85924e-1
 2.8e1	4.63551e-1
 2.9e1	4.42475e-1
 3.e1	4.22626e-1
 3.1e1	4.03932e-1
 3.2e1	3.86325e-1
 3.3e1	3.69737e-1
 3.4e1	3.54103e-1
 3.5e1	3.39362e-1
 3.6e1	3.25455e-1
 3.7e1	3.12329e-1
 3.8e1	2.99931e-1
 3.9e1	2.88214e-1
 4.e1	2.77132e-1
 4.1e1	2.66645e-1
 4.2e1	2.56714e-1
 4.3e1	2.47302e-1
 4.4e1	2.38377e-1
 4.5e1	2.29906e-1
 4.6e1	2.21862e-1
 4.7e1	2.14218e-1
 4.8e1	2.06948e-1
 4.9e1	2.00031e-1
 5.e1	1.93444e-1
 5.1e1	1.87167e-1
 5.2e1	1.81182e-1
 5.3e1	1.75472e-1
 5.4e1	1.70021e-1
 5.5e1	1.64814e-1
 5.6e1	1.59837e-1
 5.7e1	1.55077e-1
 5.8e1	1.50522e-1
 5.9e1	1.4616e-1
 6.e1	1.41982e-1
 6.1e1	1.37976e-1
 6.2e1	1.34135e-1
 6.3e1	1.30449e-1
 6.4e1	1.2691e-1
 6.5e1	1.23511e-1
 6.6e1	1.20245e-1
 6.7e1	1.17104e-1
 6.8e1	1.14084e-1
 6.9e1	1.11176e-1
 7.e1	1.08377e-1
 7.1e1	1.05681e-1
 7.2e1	1.03083e-1
 7.3e1	1.00578e-1
 7.4e1	9.81629e-2
 7.5e1	9.58323e-2
 7.6e1	9.35827e-2
 7.7e1	9.14105e-2
 7.8e1	8.93123e-2
 7.9e1	8.72847e-2
 8.e1	8.53247e-2
 8.1e1	8.34293e-2
 8.2e1	8.15957e-2
 8.3e1	7.98214e-2
 8.4e1	7.81037e-2
 8.5e1	7.64404e-2
 8.6e1	7.48293e-2
 8.7e1	7.3268e-2
 8.8e1	7.17548e-2
 8.9e1	7.02875e-2
 9.e1	6.88644e-2
 9.1e1	6.74838e-2
 9.2e1	6.6144e-2
 9.3e1	6.48434e-2
 9.4e1	6.35805e-2
 9.5e1	6.23538e-2
 9.6e1	6.11621e-2
 9.7e1	6.0004e-2
 9.8e1	5.88782e-2
 9.9e1	5.77837e-2
 1.e2	5.67192e-2
