-5	3.2120243113412976
-4	3.2353630435761644
-3	3.10196544599224
-2	2.94277628641276
-1	2.7328763427794356
0	2.459439053885522
1	2.059073876071041
2	1.5698316338317426
3	1.0753967792505004
4	0.6661073852520721
5	0.4071067419664139
6	0.25021484922392767
7	0.1800724902153707
8	0.13289736363192006
9	0.10410170262932229
10	0.08349810161755658
11	0.06342404499659035
12	0.051098387585804456
13	0.04000068081721268
14	0.03174226966523403
15	0.02587443547312983
16	0.019771502131125673
17	0.015582883779541052
18	0.012542509327667041
19	0.009896538393116596
20	0.0080118551697524
21	0.006449447307369944
22	0.004980438709641277
23	0.004058343323845527
24	0.0031379295676010346
25	0.0024933452947779864
