-5	2.6942250696339323
-4	2.4804582741966454
-3	2.0793879072246755
-2	1.5117015631566908
-1	0.9684563406251092
0	0.5741754498465996
1	0.340525470687837
2	0.20789384892005805
3	0.14648387892849238
4	0.11790220029845279
5	0.09318114880810835
6	0.0724934143067073
7	0.05753740755757669
8	0.045780582618043394
9	0.034999700808009744
10	0.028224643135293413
11	0.022124000071262105
12	0.017595546748314914
13	0.013616945439993264
14	0.011159468621279558
15	0.00871732844426622
16	0.006825508243295813
17	0.005490860933137437
18	0.004444859977814928
19	0.0035626946206794626
20	0.002742060641516932
21	0.0022252360583368495
22	0.001731194666420754
23	0.0013395968750902255
24	0.0010925240729382677
25	8.8297344348803e-4
