-5	1.2168543979431898
-4	1.029917833874041
-3	0.8234000712467047
-2	0.5630007988632324
-1	0.3047047014757854
0	0.14093678048252076
1	0.051593903411113105
2	0.01571823575372667
3	0.007123619519360182
4	0.0056159226209028905
5	0.00452239677792231
6	0.003428714826084153
7	0.0027112064924355666
8	0.0021587570808170816
9	0.0016823111223418412
10	0.0013706811536699272
11	0.001066037182710427
12	8.560766113999787e-4
13	6.619671023003146e-4
14	5.363004131886943e-4
15	4.1497804607127807e-4
16	3.344862825540627e-4
17	2.6651974194276607e-4
18	2.1517461300150735e-4
19	1.7013384649803968e-4
20	1.3368242707128327e-4
21	1.0790995014453808e-4
22	8.390600977247026e-5
23	6.516438481332175e-5
24	5.241289088220706e-5
25	4.156156499019426e-5
