-5	1.520019896644963
-4	1.472448335773308
-3	1.416515559972711
-2	1.3939671776484093
-1	1.3101900426635902
0	1.2253124876149888
1	1.1365742885933932
2	1.0043710685994383
3	0.8364691902872364
4	0.7144438033946215
5	0.5371834441224641
6	0.4181783060899119
7	0.32085279892873725
8	0.244929197830635
9	0.18704508300826284
10	0.14154882250166143
11	0.10794487471713937
12	0.0853401277295335
13	0.06894898333870883
14	0.0534915312096821
15	0.041892288879509444
16	0.033147593622058505
17	0.02686015713639256
18	0.0211119603835905
19	0.016968768083932245
20	0.013210597534603087
21	0.010708105289081438
22	0.008217888202944239
23	0.006681978775025467
24	0.005198557922687328
25	0.004237984026863008
