0	0.2364837347525396
1	0.032397942076852614
2	0.003700092113018128
3	0.0016400570850213197
4	0.0011766030976649716
5	9.925820320052115e-4
6	8.954375346126404e-4
7	5.738152823917296e-4
8	4.583105982858444e-4
9	4.59034435382418e-4
10	3.1080811290986346e-4
11	3.0687783985112977e-4
12	2.4321993828651077e-4
13	1.5042208047212808e-4
14	1.0862889981302217e-4
15	9.885669486703601e-5
16	6.370975600967882e-5
17	7.057516693736874e-5
18	4.499510747775402e-5
19	3.904092787197237e-5
20	2.8889791916994848e-5
21	2.451888794992191e-5
22	1.8286866894287197e-5
23	1.3309382235352674e-5
24	1.2950443430166973e-5
25	9.436065256184675e-6
