-5	1.641555242478716
-4	1.6810981377917136
-3	1.6831727770356828
-2	1.5443146146705176
-1	1.5332425483630658
0	1.3662021436128902
1	1.2429719137108626
2	1.0934177782590448
3	0.7897622721911115
4	0.5765459035057103
5	0.32596661484103706
6	0.14303576660424797
7	0.06731191346152231
8	0.02723930946143865
9	0.004799639228715304
10	0.0014272462718305542
11	1.6003318397461716e-4
12	1.3162488714864345e-4
13	1.0189937300829445e-4
14	7.624539315391212e-5
15	6.210294940261118e-5
16	4.54403589438e-5
17	3.974301819150284e-5
18	3.0465547678517945e-5
19	2.3276854350157574e-5
20	2.0138654067030374e-5
21	1.4675936083912711e-5
22	1.1781693946371908e-5
23	9.841922315128787e-6
24	7.601262385706751e-6
25	6.1532848985284606e-6
