-5	3.1738867565816458
-4	3.282137235094557
-3	3.207336272105258
-2	3.0828629109874317
-1	3.0870691993782184
0	2.8180774621370546
1	2.4943909400421904
2	2.375321601463251
3	1.847649965495563
4	1.413459497303011
5	0.8917486698542567
6	0.601818386831131
7	0.4201843580751428
8	0.26082136718194715
9	0.19824003263152576
10	0.13763058051196644
11	0.11783516584090384
12	0.09557359800030446
13	0.0737550125037116
14	0.055798611416840144
15	0.04539499087922134
16	0.0345195576073216
17	0.028275729640984206
18	0.022119753995310545
19	0.017026321612767157
20	0.01368707914396898
21	0.010726503810264697
22	0.00866195675371648
23	0.00694848049835907
24	0.005416884959907811
25	0.0045530382651388585
