-5	1.3613810451752697
-4	1.1907480141413296
-3	0.9489842108318262
-2	0.6709437345779163
-1	0.37852456491769393
0	0.17949658765890447
1	0.06936035021359314
2	0.016672665011086895
3	0.0030406056429952734
4	0.0017372846429965676
5	2.5799404784066025e-4
6	7.3049940028454486e-6
7	5.759847067699366e-6
8	4.578965045137142e-6
9	3.6200436072840847e-6
10	2.9289540539026545e-6
11	2.26926063432988e-6
12	1.8324968116191457e-6
13	1.4138039215676405e-6
14	1.1476312394910347e-6
15	8.885233899270001e-7
16	7.218253858736133e-7
17	5.726762544858045e-7
18	4.622002908594873e-7
19	3.621807787116322e-7
20	2.866410184123662e-7
21	2.3126098393255594e-7
22	1.8038369805597577e-7
23	1.4125621645326596e-7
24	1.1156544615581379e-7
25	8.833955445725648e-8
