-5	1.4916714786371617
-4	1.4903424498521027
-3	1.4717916201428969
-2	1.4326258748470613
-1	1.396840860905382
0	1.2820495115038129
1	1.0368058697632527
2	0.9049364992425333
3	0.7458767209463434
4	0.5190176097846966
5	0.2990734130247379
6	0.16859276505393941
7	0.10230476361468346
8	0.045571321072186796
9	0.03731178807159296
10	0.02460147752410833
11	0.02062774448433331
12	0.01682973894269872
13	0.012856100286938848
14	0.00974022050487244
15	0.007865510175694016
16	0.005869962919575248
17	0.005056162178473379
18	0.003877859327102445
19	0.002982979985135074
20	0.002505070288433457
21	0.0018526094877563451
22	0.0015028973731467986
23	0.0012405608886929356
24	9.585041411222007e-4
25	7.862894970013401e-4
