-5	3.2477932716309077
-4	3.2614071503735684
-3	3.23399878935192
-2	3.0780065448025202
-1	2.996261994678114
0	2.877177599081708
1	2.697407092396674
2	2.4000723391137218
3	2.0667412984306575
4	1.6845980565611058
5	1.2506627241114248
6	0.9334824880996903
7	0.6769457051209693
8	0.48479141714599117
9	0.3409743962708638
10	0.24794288450492163
11	0.18774062042938086
12	0.14798705707967522
13	0.11740055236391879
14	0.09314526215092564
15	0.07221912185123512
16	0.05679116282161173
17	0.046264736943401774
18	0.03612183116865039
19	0.029457371376568807
20	0.022419171540009584
21	0.01843770779015306
22	0.014129642066033546
23	0.011542615117682325
24	0.008998133375444096
25	0.007292324811098902
