0	0.68556498133083
1	0.3534143181782964
2	0.18271258189808376
3	0.13417470356894387
4	0.0892035708011107
5	0.07862266923822894
6	0.07266934223932077
7	0.04326312404771939
8	0.033905755911194324
9	0.03829860022677237
10	0.026034244021672065
11	0.023784234813234523
12	0.01789121094409364
13	0.012502857882223183
14	0.009142768705041543
15	0.007400139015520814
16	0.0050595060220963
17	0.0056233527796036254
18	0.0034741183800228127
19	0.0030605684611279575
20	0.0022667335056992827
21	0.001963770041392223
22	0.0015867776376427079
23	0.0010216945695399576
24	0.0010053949196665462
25	7.616296177088422e-4
