-5	1.6325650630533781
-4	1.6206481553014287
-3	1.5489351665039863
-2	1.4255006929085858
-1	1.3563071149926424
0	1.2291799405623525
1	1.0177628710861057
2	0.8336554453583498
3	0.6544002149888732
4	0.4563279479876891
5	0.2865896710910849
6	0.15764401972421824
7	0.08361944649031973
8	0.04605740256252994
9	0.015795247039395915
10	0.006846882339283292
11	0.00324133818915307
12	0.002440925755474661
13	0.0018547680988096002
14	0.001427579574808849
15	0.0011262468935528283
16	8.885279058239602e-4
17	7.147829953791199e-4
18	5.661805423901544e-4
19	4.5264867048449284e-4
20	3.563978243809533e-4
21	2.851866918110106e-4
22	2.2172770616682254e-4
23	1.7850979310295195e-4
24	1.3877466468682138e-4
25	1.1276945793652026e-4
