0	0.26164410396265203
1	0.1116682098041627
2	1.6885891844473536e-6
3	0.012346388847237513
4	7.076425798888359e-7
5	5.831116538556756e-7
6	4.864221237190622e-7
7	3.3412510889047534e-7
8	2.6638188164388075e-7
9	2.414575833515422e-7
10	1.691837708148084e-7
11	1.7205265457875337e-7
12	1.3451688410313988e-7
13	8.445010601872526e-8
14	6.237912843851978e-8
15	5.8038820237156106e-8
16	3.739562190203681e-8
17	3.9302069709983e-8
18	2.612478280283972e-8
19	2.2961571783513615e-8
20	1.6184675047881457e-8
21	1.3640158107462345e-8
22	9.894272541604582e-9
23	7.56345022641678e-9
24	6.938154849270959e-9
25	5.101518005229715e-9
