-5	1.5441182204523682
-4	1.5033858323231233
-3	1.4374595520908924
-2	1.3661405041694132
-1	1.2010558010063188
0	1.0078535474177015
1	0.8235657060827454
2	0.5650872247347188
3	0.3580650328830474
4	0.17404247907805337
5	0.07314750676317247
6	0.028631036563000044
7	0.015524045637633802
8	0.010930830517392494
9	0.008574693202764109
10	0.006889997677508102
11	0.0051959822466124475
12	0.004188435521721998
13	0.003300430347149359
14	0.002605174820005191
15	0.002123047720424074
16	0.0016482538026884918
17	0.0013001612456616193
18	0.001029241082787254
19	8.120603457795217e-4
20	6.729134600843889e-4
21	5.336613097505116e-4
22	4.12730468256135e-4
23	3.34517784411982e-4
24	2.564765002074565e-4
25	2.0497933546779982e-4
