 -5.e0	8.89391e-5
 -4.e0	7.06468e-5
 -3.e0	5.61168e-5
 -2.e0	4.45751e-5
 -1.e0	3.54073e-5
 0.e0	2.8125e-5
 1.e0	2.23405e-5
 2.e0	1.77457e-5
 3.e0	1.40959e-5
 4.e0	1.11968e-5
 5.e0	8.89391e-6
 6.e0	7.06468e-6
 7.e0	5.61168e-6
 8.e0	4.45751e-6
 9.e0	3.54073e-6
 1.e1	2.8125e-6
 1.1e1	2.23405e-6
 1.2e1	1.77457e-6
 1.3e1	1.40959e-6
 1.4e1	1.11968e-6
 1.5e1	8.89391e-7
 1.6e1	7.06468e-7
 1.7e1	5.61168e-7
 1.8e1	4.45751e-7
 1.9e1	3.54073e-7
 2.e1	2.8125e-7
 2.1e1	2.23405e-7
 2.2e1	1.77457e-7
 2.3e1	1.40959e-7
 2.4e1	1.11968e-7
 2.5e1	8.89391e-8
