 -5.e0	5.55869e-6
 -4.e0	4.41543e-6
 -3.e0	3.5073e-6
 -2.e0	2.78595e-6
 -1.e0	2.21295e-6
 0.e0	1.75781e-6
 1.e0	1.39628e-6
 2.e0	1.1091e-6
 3.e0	8.80993e-7
 4.e0	6.99798e-7
 5.e0	5.55869e-7
 6.e0	4.41543e-7
 7.e0	3.5073e-7
 8.e0	2.78595e-7
 9.e0	2.21295e-7
 1.e1	1.75781e-7
 1.1e1	1.39628e-7
 1.2e1	1.1091e-7
 1.3e1	8.80993e-8
 1.4e1	6.99798e-8
 1.5e1	5.55869e-8
 1.6e1	4.41543e-8
 1.7e1	3.5073e-8
 1.8e1	2.78595e-8
 1.9e1	2.21295e-8
 2.e1	1.75781e-8
 2.1e1	1.39628e-8
 2.2e1	1.1091e-8
 2.3e1	8.80993e-9
 2.4e1	6.99798e-9
 2.5e1	5.55869e-9
