 -5.e0	4.2239e0
 -4.e0	3.35516e0
 -3.e0	2.6651e0
 -2.e0	2.11696e0
 -1.e0	1.68156e0
 0.e0	1.33571e0
 1.e0	1.061e0
 2.e0	8.42779e-1
 3.e0	6.69443e-1
 4.e0	5.31757e-1
 5.e0	4.2239e-1
 6.e0	3.35516e-1
 7.e0	2.6651e-1
 8.e0	2.11696e-1
 9.e0	1.68156e-1
 1.e1	1.33571e-1
 1.1e1	1.061e-1
 1.2e1	8.42779e-2
 1.3e1	6.69443e-2
 1.4e1	5.31757e-2
 1.5e1	4.2239e-2
 1.6e1	3.35516e-2
 1.7e1	2.6651e-2
 1.8e1	2.11696e-2
 1.9e1	1.68156e-2
 2.e1	1.33571e-2
 2.1e1	1.061e-2
 2.2e1	8.42779e-3
 2.3e1	6.69443e-3
 2.4e1	5.31757e-3
 2.5e1	4.2239e-3
