 -5.e0	7.66551e-4
 -4.e0	6.08893e-4
 -3.e0	4.83661e-4
 -2.e0	3.84185e-4
 -1.e0	3.05169e-4
 0.e0	2.42405e-4
 1.e0	1.92549e-4
 2.e0	1.52947e-4
 3.e0	1.2149e-4
 4.e0	9.6503e-5
 5.e0	7.66551e-5
 6.e0	6.08893e-5
 7.e0	4.83661e-5
 8.e0	3.84185e-5
 9.e0	3.05169e-5
 1.e1	2.42405e-5
 1.1e1	1.92549e-5
 1.2e1	1.52947e-5
 1.3e1	1.2149e-5
 1.4e1	9.6503e-6
 1.5e1	7.66551e-6
 1.6e1	6.08893e-6
 1.7e1	4.83661e-6
 1.8e1	3.84185e-6
 1.9e1	3.05169e-6
 2.e1	2.42405e-6
 2.1e1	1.92549e-6
 2.2e1	1.52947e-6
 2.3e1	1.2149e-6
 2.4e1	9.6503e-7
 2.5e1	7.66551e-7
