-5	1.6250937877468183
-4	1.6313354562667959
-3	1.5182882418834258
-2	1.4480276376476187
-1	1.3608989830603624
0	1.176507647495683
1	0.9544891644782248
2	0.6823769294947306
3	0.4273393184184425
4	0.21630889413723944
5	0.09330373174057371
6	0.025564902931113822
7	0.006086776212239539
8	0.0010725766463248962
9	5.155042130195184e-4
10	2.5358811689976087e-5
11	1.923146132871072e-5
12	1.5636722041164035e-5
13	1.2213985124511025e-5
14	9.627831026620896e-6
15	7.820582001248705e-6
16	6.1199845305019274e-6
17	4.825408022385115e-6
18	3.8087485900635486e-6
19	3.0197690307281904e-6
20	2.5026373169051756e-6
21	1.9654478075182136e-6
22	1.527612278643997e-6
23	1.2287614571115536e-6
24	9.475997074090319e-7
25	7.577315063169334e-7
